 cout            cutoff         
 1.99601098e-11  5.12620500e+06 
 1.98891091e-11  5.13941100e+06 
 1.99237730e-11  5.15930400e+06 
 1.97797167e-11  5.19247400e+06 
 1.98731334e-11  5.17398300e+06 
 2.00428483e-11  5.12243500e+06 
 2.01534668e-11  5.09431700e+06 
 2.02961798e-11  5.02849200e+06 
 2.01546022e-11  5.12026200e+06 
 2.04299373e-11  5.02179000e+06 
 2.01369906e-11  5.07209500e+06 
 1.97582319e-11  5.18235000e+06 
 2.00594560e-11  5.12742400e+06 
 2.01308858e-11  5.10384200e+06 
 1.97016249e-11  5.21795600e+06 
 1.97771870e-11  5.18335600e+06 
 2.01724810e-11  5.07612100e+06 
 1.97198063e-11  5.18519100e+06 
 2.03865109e-11  5.03065400e+06 
 2.05004251e-11  4.99616800e+06 
 1.92309369e-11  5.30963400e+06 
 2.03592209e-11  5.03744000e+06 
 1.95256248e-11  5.22906200e+06 
 1.95468750e-11  5.23365100e+06 
 2.00396496e-11  5.10594600e+06 
 2.02313802e-11  5.03550700e+06 
 2.02174323e-11  5.06329100e+06 
 2.08562146e-11  4.86182900e+06 
 1.97820402e-11  5.19727900e+06 
 1.99684231e-11  5.13683300e+06 
 1.98533427e-11  5.15928800e+06 
 2.00471010e-11  5.10162900e+06 
 2.04337243e-11  5.00721600e+06 
 2.00160945e-11  5.14850400e+06 
 2.00533177e-11  5.09793700e+06 
 1.94925571e-11  5.28243100e+06 
 1.99250392e-11  5.13595700e+06 
 2.02689385e-11  5.07542100e+06 
 2.02908034e-11  5.05961800e+06 
 2.01392051e-11  5.07597700e+06 
 1.99596808e-11  5.09069800e+06 
 2.01045426e-11  5.11613800e+06 
 1.99051804e-11  5.15960100e+06 
 2.04228169e-11  5.03878200e+06 
 2.03554550e-11  5.02763200e+06 
 1.98637293e-11  5.16529400e+06 
 1.94139647e-11  5.27522600e+06 
 1.96851258e-11  5.17534400e+06 
 2.02155178e-11  5.10859300e+06 
 1.97136929e-11  5.21659200e+06 
 1.96669961e-11  5.22587900e+06 
 1.99846621e-11  5.08737300e+06 
 1.98772594e-11  5.14778200e+06 
 2.02878798e-11  5.03515100e+06 
 2.00063192e-11  5.12661100e+06 
 1.98586256e-11  5.14359300e+06 
 2.00006496e-11  5.12863300e+06 
 1.99620370e-11  5.11854000e+06 
 1.98840917e-11  5.14053200e+06 
 1.97470990e-11  5.19123300e+06 
 1.98261849e-11  5.16740600e+06 
 2.02360076e-11  5.03944700e+06 
 2.01049692e-11  5.07420800e+06 
 2.02774260e-11  5.02159400e+06 
 2.00315292e-11  5.10083400e+06 
 2.07262367e-11  4.95172400e+06 
 1.97539477e-11  5.19981000e+06 
 1.99036586e-11  5.13886900e+06 
 1.99455285e-11  5.12506800e+06 
 2.00662437e-11  5.11106000e+06 
 1.97034332e-11  5.24236600e+06 
 2.03956782e-11  5.04182000e+06 
 2.00190006e-11  5.15407000e+06 
 1.98588940e-11  5.16062700e+06 
 2.00052175e-11  5.12039000e+06 
 2.04111700e-11  5.02531100e+06 
 1.98264909e-11  5.15022100e+06 
 2.03232015e-11  5.00317600e+06 
 2.03566296e-11  5.03142600e+06 
 2.01168496e-11  5.11162100e+06 
 2.00462444e-11  5.11901900e+06 
 1.94348188e-11  5.29231000e+06 
 2.01393236e-11  5.08212900e+06 
 2.01062344e-11  5.06956500e+06 
 2.03786765e-11  5.02839100e+06 
 2.02583091e-11  5.03900600e+06 
 1.95765268e-11  5.24938200e+06 
 1.98558253e-11  5.13171900e+06 
 1.97300352e-11  5.22394600e+06 
 1.96700716e-11  5.19088300e+06 
 2.03761337e-11  5.01992700e+06 
 2.02108469e-11  5.04627200e+06 
 1.96703198e-11  5.20322100e+06 
 2.02408368e-11  5.05736500e+06 
 1.99057253e-11  5.11177600e+06 
 2.00201894e-11  5.08851400e+06 
 2.01697470e-11  5.08148800e+06 
 1.97882358e-11  5.17865200e+06 
 2.00645895e-11  5.12336000e+06 
 1.96211559e-11  5.20608300e+06 
