 cout            cutoff         
 1.40000000e-11  1.13412800e+07 
 1.42448980e-11  1.11462400e+07 
 1.44897959e-11  1.09578600e+07 
 1.47346939e-11  1.07757800e+07 
 1.49795918e-11  1.05995900e+07 
 1.52244898e-11  1.04290500e+07 
 1.54693878e-11  1.02639800e+07 
 1.57142857e-11  1.01040500e+07 
 1.59591837e-11  9.94894900e+06 
 1.62040816e-11  9.79858100e+06 
 1.64489796e-11  9.65273300e+06 
 1.66938776e-11  9.51114200e+06 
 1.69387755e-11  9.37358200e+06 
 1.71836735e-11  9.23999400e+06 
 1.74285714e-11  9.11019100e+06 
 1.76734694e-11  8.98396600e+06 
 1.79183673e-11  8.86113500e+06 
 1.81632653e-11  8.74165400e+06 
 1.84081633e-11  8.62538500e+06 
 1.86530612e-11  8.51216200e+06 
 1.88979592e-11  8.40182500e+06 
 1.91428571e-11  8.29431600e+06 
 1.93877551e-11  8.18956400e+06 
 1.96326531e-11  8.08743300e+06 
 1.98775510e-11  7.98779400e+06 
 2.01224490e-11  7.89054200e+06 
 2.03673469e-11  7.79566300e+06 
 2.06122449e-11  7.70306300e+06 
 2.08571429e-11  7.61263600e+06 
 2.11020408e-11  7.52428200e+06 
 2.13469388e-11  7.43792700e+06 
 2.15918367e-11  7.35356600e+06 
 2.18367347e-11  7.27111600e+06 
 2.20816327e-11  7.19049300e+06 
 2.23265306e-11  7.11161800e+06 
 2.25714286e-11  7.03442600e+06 
 2.28163265e-11  6.95891700e+06 
 2.30612245e-11  6.88503300e+06 
 2.33061224e-11  6.81270400e+06 
 2.35510204e-11  6.74186800e+06 
 2.37959184e-11  6.67246100e+06 
 2.40408163e-11  6.60447200e+06 
 2.42857143e-11  6.53787900e+06 
 2.45306122e-11  6.47262600e+06 
 2.47755102e-11  6.40866000e+06 
 2.50204082e-11  6.34593100e+06 
 2.52653061e-11  6.28439500e+06 
 2.55102041e-11  6.22405400e+06 
 2.57551020e-11  6.16488000e+06 
 2.60000000e-11  6.10682700e+06 
