 cutoff          cutoff         
 5.16188200e+06  5.16188200e+06 
 5.21450700e+06  5.21450700e+06 
 5.27729300e+06  5.27729300e+06 
 5.00485600e+06  5.00485600e+06 
 5.04402700e+06  5.04402700e+06 
 5.14544300e+06  5.14544300e+06 
 5.07047600e+06  5.07047600e+06 
 5.24494400e+06  5.24494400e+06 
 5.07918700e+06  5.07918700e+06 
 5.23019100e+06  5.23019100e+06 
 4.99593900e+06  4.99593900e+06 
 5.06749100e+06  5.06749100e+06 
 5.09801800e+06  5.09801800e+06 
 5.06020300e+06  5.06020300e+06 
 5.14926700e+06  5.14926700e+06 
 5.23554000e+06  5.23554000e+06 
 5.25170300e+06  5.25170300e+06 
 5.06210800e+06  5.06210800e+06 
 5.21621500e+06  5.21621500e+06 
 4.99163100e+06  4.99163100e+06 
 5.21617600e+06  5.21617600e+06 
 5.08010400e+06  5.08010400e+06 
 5.10267000e+06  5.10267000e+06 
 4.95533400e+06  4.95533400e+06 
 5.25967600e+06  5.25967600e+06 
 5.15871100e+06  5.15871100e+06 
 5.23677500e+06  5.23677500e+06 
 5.12554300e+06  5.12554300e+06 
 5.12359500e+06  5.12359500e+06 
 4.98264800e+06  4.98264800e+06 
 5.15159400e+06  5.15159400e+06 
 5.26892100e+06  5.26892100e+06 
 5.09581100e+06  5.09581100e+06 
 5.25365600e+06  5.25365600e+06 
 5.07214400e+06  5.07214400e+06 
 5.10512500e+06  5.10512500e+06 
 5.04045300e+06  5.04045300e+06 
 5.12261100e+06  5.12261100e+06 
 5.15331900e+06  5.15331900e+06 
 5.17756500e+06  5.17756500e+06 
 5.04956000e+06  5.04956000e+06 
 5.23631100e+06  5.23631100e+06 
 5.00002900e+06  5.00002900e+06 
 5.12868100e+06  5.12868100e+06 
 5.08467800e+06  5.08467800e+06 
 5.17344300e+06  5.17344300e+06 
 5.15459500e+06  5.15459500e+06 
 5.34430900e+06  5.34430900e+06 
 5.14726700e+06  5.14726700e+06 
 5.19103000e+06  5.19103000e+06 
 5.05722200e+06  5.05722200e+06 
 4.95491100e+06  4.95491100e+06 
 5.00727800e+06  5.00727800e+06 
 5.17828100e+06  5.17828100e+06 
 5.16832200e+06  5.16832200e+06 
 5.04948900e+06  5.04948900e+06 
 4.94690800e+06  4.94690800e+06 
 5.05409500e+06  5.05409500e+06 
 5.14011200e+06  5.14011200e+06 
 5.06009000e+06  5.06009000e+06 
 5.11751900e+06  5.11751900e+06 
 5.04997400e+06  5.04997400e+06 
 5.06639700e+06  5.06639700e+06 
 5.27094600e+06  5.27094600e+06 
 5.17171700e+06  5.17171700e+06 
 5.17179700e+06  5.17179700e+06 
 5.09847300e+06  5.09847300e+06 
 5.03078000e+06  5.03078000e+06 
 5.26309700e+06  5.26309700e+06 
 4.99372100e+06  4.99372100e+06 
 5.21685100e+06  5.21685100e+06 
 5.10762900e+06  5.10762900e+06 
 5.37720100e+06  5.37720100e+06 
 5.12462900e+06  5.12462900e+06 
 5.15934900e+06  5.15934900e+06 
 5.13568200e+06  5.13568200e+06 
 5.04056500e+06  5.04056500e+06 
 5.07860800e+06  5.07860800e+06 
 5.03118300e+06  5.03118300e+06 
 5.10166100e+06  5.10166100e+06 
 5.22185400e+06  5.22185400e+06 
 5.04527500e+06  5.04527500e+06 
 5.09231900e+06  5.09231900e+06 
 5.03890900e+06  5.03890900e+06 
 5.12235100e+06  5.12235100e+06 
 5.14864200e+06  5.14864200e+06 
 5.27242700e+06  5.27242700e+06 
 5.08199900e+06  5.08199900e+06 
 5.17282100e+06  5.17282100e+06 
 5.07431600e+06  5.07431600e+06 
 5.27495700e+06  5.27495700e+06 
 5.13388000e+06  5.13388000e+06 
 4.96858000e+06  4.96858000e+06 
 5.19429900e+06  5.19429900e+06 
 5.24999300e+06  5.24999300e+06 
 5.00729600e+06  5.00729600e+06 
 5.00699400e+06  5.00699400e+06 
 5.22458000e+06  5.22458000e+06 
 5.03997200e+06  5.03997200e+06 
 5.10041200e+06  5.10041200e+06 
 5.10521200e+06  5.10521200e+06 
 5.19831000e+06  5.19831000e+06 
 5.02062400e+06  5.02062400e+06 
 5.12024900e+06  5.12024900e+06 
 5.16989300e+06  5.16989300e+06 
 5.12875000e+06  5.12875000e+06 
 5.15954800e+06  5.15954800e+06 
 5.29170400e+06  5.29170400e+06 
 5.03038100e+06  5.03038100e+06 
 5.17517200e+06  5.17517200e+06 
 5.25734700e+06  5.25734700e+06 
 5.03421800e+06  5.03421800e+06 
 5.15586900e+06  5.15586900e+06 
 5.26043300e+06  5.26043300e+06 
 5.07946300e+06  5.07946300e+06 
 5.15562400e+06  5.15562400e+06 
 5.22985800e+06  5.22985800e+06 
 5.17919400e+06  5.17919400e+06 
 5.14745600e+06  5.14745600e+06 
 5.14737000e+06  5.14737000e+06 
 4.93060500e+06  4.93060500e+06 
 5.11503100e+06  5.11503100e+06 
 5.00880600e+06  5.00880600e+06 
 5.21515200e+06  5.21515200e+06 
 5.04105500e+06  5.04105500e+06 
 5.17095000e+06  5.17095000e+06 
 5.26665900e+06  5.26665900e+06 
 5.05320200e+06  5.05320200e+06 
 5.14191000e+06  5.14191000e+06 
 5.13372100e+06  5.13372100e+06 
 5.09417300e+06  5.09417300e+06 
 5.09205200e+06  5.09205200e+06 
 5.24903500e+06  5.24903500e+06 
 5.21174400e+06  5.21174400e+06 
 5.10124500e+06  5.10124500e+06 
 5.07540000e+06  5.07540000e+06 
 5.18613300e+06  5.18613300e+06 
 5.11387700e+06  5.11387700e+06 
 5.18693800e+06  5.18693800e+06 
 5.08893600e+06  5.08893600e+06 
 4.88788300e+06  4.88788300e+06 
 5.09009600e+06  5.09009600e+06 
 5.14209600e+06  5.14209600e+06 
 4.98916500e+06  4.98916500e+06 
 5.20550700e+06  5.20550700e+06 
 5.15483200e+06  5.15483200e+06 
 5.09947200e+06  5.09947200e+06 
 5.22280100e+06  5.22280100e+06 
 5.11407600e+06  5.11407600e+06 
 4.96149900e+06  4.96149900e+06 
 5.04030200e+06  5.04030200e+06 
 5.07626700e+06  5.07626700e+06 
 5.14776400e+06  5.14776400e+06 
 5.11386500e+06  5.11386500e+06 
 5.14015800e+06  5.14015800e+06 
 5.04911700e+06  5.04911700e+06 
 5.06273700e+06  5.06273700e+06 
 5.15353000e+06  5.15353000e+06 
 5.14083900e+06  5.14083900e+06 
 5.10386400e+06  5.10386400e+06 
 4.86972100e+06  4.86972100e+06 
 5.14016000e+06  5.14016000e+06 
 5.19945700e+06  5.19945700e+06 
 5.11264700e+06  5.11264700e+06 
 5.09500900e+06  5.09500900e+06 
 5.01088000e+06  5.01088000e+06 
 4.94731200e+06  4.94731200e+06 
 5.18058400e+06  5.18058400e+06 
 5.16824100e+06  5.16824100e+06 
 5.16786700e+06  5.16786700e+06 
 5.15628800e+06  5.15628800e+06 
 5.20245700e+06  5.20245700e+06 
 5.13271100e+06  5.13271100e+06 
 5.11225700e+06  5.11225700e+06 
 5.07108500e+06  5.07108500e+06 
 5.08786100e+06  5.08786100e+06 
 5.19804800e+06  5.19804800e+06 
 5.16343900e+06  5.16343900e+06 
 5.05555200e+06  5.05555200e+06 
 5.09987800e+06  5.09987800e+06 
 5.12251300e+06  5.12251300e+06 
 5.00114500e+06  5.00114500e+06 
 5.18249600e+06  5.18249600e+06 
 5.03656800e+06  5.03656800e+06 
 5.16512700e+06  5.16512700e+06 
 5.15667500e+06  5.15667500e+06 
 5.01854300e+06  5.01854300e+06 
 5.22533900e+06  5.22533900e+06 
 5.06319400e+06  5.06319400e+06 
 5.18278100e+06  5.18278100e+06 
 5.08735700e+06  5.08735700e+06 
 5.33854900e+06  5.33854900e+06 
 5.15479500e+06  5.15479500e+06 
 5.02737100e+06  5.02737100e+06 
 5.20317500e+06  5.20317500e+06 
 5.12054300e+06  5.12054300e+06 
 5.19304800e+06  5.19304800e+06 
 5.12011800e+06  5.12011800e+06 
 5.07727000e+06  5.07727000e+06 
 4.92127200e+06  4.92127200e+06 
 5.05625100e+06  5.05625100e+06 
 5.08289100e+06  5.08289100e+06 
 5.19897500e+06  5.19897500e+06 
 5.05992900e+06  5.05992900e+06 
 5.10894700e+06  5.10894700e+06 
 5.18531700e+06  5.18531700e+06 
 5.16310800e+06  5.16310800e+06 
 5.09566700e+06  5.09566700e+06 
 5.23600600e+06  5.23600600e+06 
 5.07211800e+06  5.07211800e+06 
 5.00926400e+06  5.00926400e+06 
 5.28828800e+06  5.28828800e+06 
 5.15703600e+06  5.15703600e+06 
 5.06304700e+06  5.06304700e+06 
 5.18604100e+06  5.18604100e+06 
 5.10574900e+06  5.10574900e+06 
 5.03036200e+06  5.03036200e+06 
 5.09819400e+06  5.09819400e+06 
 5.09017600e+06  5.09017600e+06 
 5.10326000e+06  5.10326000e+06 
 5.09466400e+06  5.09466400e+06 
 5.08122000e+06  5.08122000e+06 
 5.21676800e+06  5.21676800e+06 
 5.06561900e+06  5.06561900e+06 
 5.07398100e+06  5.07398100e+06 
 5.15022900e+06  5.15022900e+06 
 5.18970900e+06  5.18970900e+06 
 5.12317200e+06  5.12317200e+06 
 5.07406100e+06  5.07406100e+06 
 5.32245900e+06  5.32245900e+06 
 5.13905900e+06  5.13905900e+06 
 5.06311600e+06  5.06311600e+06 
 5.14729800e+06  5.14729800e+06 
 5.02551600e+06  5.02551600e+06 
 5.00813500e+06  5.00813500e+06 
 5.11681100e+06  5.11681100e+06 
 5.04669300e+06  5.04669300e+06 
 5.10380800e+06  5.10380800e+06 
 5.12264200e+06  5.12264200e+06 
 5.02983600e+06  5.02983600e+06 
 5.13321900e+06  5.13321900e+06 
 5.15833300e+06  5.15833300e+06 
 5.15548400e+06  5.15548400e+06 
 5.19614400e+06  5.19614400e+06 
 5.34963200e+06  5.34963200e+06 
 5.14057000e+06  5.14057000e+06 
 5.09052800e+06  5.09052800e+06 
 5.06394700e+06  5.06394700e+06 
 5.11273700e+06  5.11273700e+06 
 5.23761700e+06  5.23761700e+06 
 5.14655500e+06  5.14655500e+06 
 5.00184800e+06  5.00184800e+06 
 5.16749300e+06  5.16749300e+06 
 5.18718500e+06  5.18718500e+06 
 5.18641300e+06  5.18641300e+06 
 4.87816500e+06  4.87816500e+06 
 5.22599300e+06  5.22599300e+06 
 5.17988500e+06  5.17988500e+06 
 5.12814700e+06  5.12814700e+06 
 4.96411100e+06  4.96411100e+06 
 4.91239600e+06  4.91239600e+06 
 4.99050600e+06  4.99050600e+06 
 5.13204200e+06  5.13204200e+06 
 5.07309400e+06  5.07309400e+06 
 5.10081400e+06  5.10081400e+06 
 5.19589300e+06  5.19589300e+06 
 5.24170000e+06  5.24170000e+06 
 5.15919600e+06  5.15919600e+06 
 5.07951300e+06  5.07951300e+06 
 5.00962900e+06  5.00962900e+06 
 5.13450300e+06  5.13450300e+06 
 5.00199300e+06  5.00199300e+06 
 5.16971600e+06  5.16971600e+06 
 5.18884400e+06  5.18884400e+06 
 5.09642500e+06  5.09642500e+06 
 5.19854900e+06  5.19854900e+06 
 5.17012300e+06  5.17012300e+06 
 5.03519700e+06  5.03519700e+06 
 4.96790200e+06  4.96790200e+06 
 5.17295200e+06  5.17295200e+06 
 5.20181300e+06  5.20181300e+06 
 5.22848900e+06  5.22848900e+06 
 4.81523400e+06  4.81523400e+06 
 5.20414000e+06  5.20414000e+06 
 4.97654400e+06  4.97654400e+06 
 5.26009300e+06  5.26009300e+06 
 5.25205000e+06  5.25205000e+06 
 5.25202800e+06  5.25202800e+06 
 5.03658600e+06  5.03658600e+06 
 5.24142000e+06  5.24142000e+06 
 5.11972000e+06  5.11972000e+06 
 5.08898100e+06  5.08898100e+06 
 5.19097900e+06  5.19097900e+06 
 5.15741200e+06  5.15741200e+06 
 5.23782800e+06  5.23782800e+06 
 5.03231900e+06  5.03231900e+06 
 5.05458300e+06  5.05458300e+06 
 5.19533000e+06  5.19533000e+06 
 5.08964800e+06  5.08964800e+06 
 5.12373100e+06  5.12373100e+06 
 5.16517200e+06  5.16517200e+06 
 5.16489100e+06  5.16489100e+06 
 5.09790600e+06  5.09790600e+06 
 5.17812900e+06  5.17812900e+06 
 5.19512500e+06  5.19512500e+06 
 5.11795100e+06  5.11795100e+06 
 5.23689800e+06  5.23689800e+06 
 5.22539200e+06  5.22539200e+06 
 5.12282500e+06  5.12282500e+06 
 5.14246300e+06  5.14246300e+06 
 5.27639700e+06  5.27639700e+06 
 5.02062700e+06  5.02062700e+06 
 5.22037400e+06  5.22037400e+06 
 5.12887600e+06  5.12887600e+06 
 5.05379700e+06  5.05379700e+06 
 5.15089300e+06  5.15089300e+06 
 5.07626300e+06  5.07626300e+06 
 5.09569700e+06  5.09569700e+06 
 5.02922600e+06  5.02922600e+06 
 4.94294600e+06  4.94294600e+06 
 5.12832000e+06  5.12832000e+06 
 5.16917500e+06  5.16917500e+06 
 5.09618600e+06  5.09618600e+06 
 5.06961300e+06  5.06961300e+06 
 5.08199900e+06  5.08199900e+06 
 4.93760100e+06  4.93760100e+06 
 5.06795100e+06  5.06795100e+06 
 5.23163400e+06  5.23163400e+06 
 5.19905300e+06  5.19905300e+06 
 5.27554100e+06  5.27554100e+06 
 4.99149000e+06  4.99149000e+06 
 5.18234200e+06  5.18234200e+06 
 5.09390600e+06  5.09390600e+06 
 5.10321400e+06  5.10321400e+06 
 5.16467900e+06  5.16467900e+06 
 5.03702400e+06  5.03702400e+06 
 5.15174600e+06  5.15174600e+06 
 5.29580700e+06  5.29580700e+06 
 5.06568100e+06  5.06568100e+06 
 5.01276900e+06  5.01276900e+06 
 5.09131700e+06  5.09131700e+06 
 5.14814500e+06  5.14814500e+06 
 5.14799200e+06  5.14799200e+06 
 5.07460800e+06  5.07460800e+06 
 5.13873800e+06  5.13873800e+06 
 5.16519900e+06  5.16519900e+06 
 5.22023000e+06  5.22023000e+06 
 5.16524700e+06  5.16524700e+06 
 5.12344300e+06  5.12344300e+06 
 5.25937700e+06  5.25937700e+06 
 5.00123900e+06  5.00123900e+06 
 5.13317800e+06  5.13317800e+06 
 5.04256900e+06  5.04256900e+06 
 5.13579700e+06  5.13579700e+06 
 5.10699900e+06  5.10699900e+06 
 5.28968000e+06  5.28968000e+06 
 5.14936700e+06  5.14936700e+06 
 5.33939300e+06  5.33939300e+06 
 5.26751700e+06  5.26751700e+06 
 5.04489700e+06  5.04489700e+06 
 5.06314800e+06  5.06314800e+06 
 5.00834800e+06  5.00834800e+06 
 5.07311500e+06  5.07311500e+06 
 5.16918600e+06  5.16918600e+06 
 5.08682800e+06  5.08682800e+06 
 5.17302200e+06  5.17302200e+06 
 5.11213800e+06  5.11213800e+06 
 5.06791200e+06  5.06791200e+06 
 4.95661900e+06  4.95661900e+06 
 4.99821100e+06  4.99821100e+06 
 4.99118600e+06  4.99118600e+06 
 5.05707600e+06  5.05707600e+06 
 5.11531400e+06  5.11531400e+06 
 5.15774800e+06  5.15774800e+06 
 4.99432500e+06  4.99432500e+06 
 5.10446400e+06  5.10446400e+06 
 5.22017900e+06  5.22017900e+06 
 5.17111800e+06  5.17111800e+06 
 5.09877300e+06  5.09877300e+06 
 5.14420900e+06  5.14420900e+06 
 5.08724400e+06  5.08724400e+06 
 5.00517600e+06  5.00517600e+06 
 5.18743700e+06  5.18743700e+06 
 5.17955700e+06  5.17955700e+06 
 5.26024800e+06  5.26024800e+06 
 4.98513500e+06  4.98513500e+06 
 5.14864000e+06  5.14864000e+06 
 5.13001000e+06  5.13001000e+06 
 5.11289100e+06  5.11289100e+06 
 5.24716200e+06  5.24716200e+06 
 4.98265700e+06  4.98265700e+06 
 5.18420200e+06  5.18420200e+06 
 5.02858800e+06  5.02858800e+06 
 5.23185800e+06  5.23185800e+06 
 5.16744800e+06  5.16744800e+06 
 5.10534300e+06  5.10534300e+06 
 5.18876600e+06  5.18876600e+06 
 5.09536400e+06  5.09536400e+06 
 5.18916900e+06  5.18916900e+06 
 5.06830600e+06  5.06830600e+06 
 5.13042700e+06  5.13042700e+06 
 5.03838300e+06  5.03838300e+06 
 4.95433500e+06  4.95433500e+06 
 5.04688800e+06  5.04688800e+06 
 5.13166100e+06  5.13166100e+06 
 5.10241000e+06  5.10241000e+06 
 5.17539100e+06  5.17539100e+06 
 5.02922800e+06  5.02922800e+06 
 5.16707700e+06  5.16707700e+06 
 5.12415500e+06  5.12415500e+06 
 4.96335700e+06  4.96335700e+06 
 5.11469700e+06  5.11469700e+06 
 5.08889100e+06  5.08889100e+06 
 5.00213400e+06  5.00213400e+06 
 5.11839800e+06  5.11839800e+06 
 5.12476000e+06  5.12476000e+06 
 5.20056100e+06  5.20056100e+06 
 5.14431200e+06  5.14431200e+06 
 5.14103800e+06  5.14103800e+06 
 5.10705600e+06  5.10705600e+06 
 5.17541000e+06  5.17541000e+06 
 5.16235500e+06  5.16235500e+06 
 5.10151600e+06  5.10151600e+06 
 5.08017800e+06  5.08017800e+06 
 5.10376000e+06  5.10376000e+06 
 5.16399800e+06  5.16399800e+06 
 4.99391800e+06  4.99391800e+06 
 5.22844600e+06  5.22844600e+06 
 5.25938100e+06  5.25938100e+06 
 5.04866100e+06  5.04866100e+06 
 5.14707700e+06  5.14707700e+06 
 5.16390300e+06  5.16390300e+06 
 5.10673900e+06  5.10673900e+06 
 5.06138000e+06  5.06138000e+06 
 5.19819800e+06  5.19819800e+06 
 5.25045600e+06  5.25045600e+06 
 5.05156100e+06  5.05156100e+06 
 5.05845700e+06  5.05845700e+06 
 5.07595800e+06  5.07595800e+06 
 5.09885300e+06  5.09885300e+06 
 5.08516300e+06  5.08516300e+06 
 4.94173900e+06  4.94173900e+06 
 5.15071000e+06  5.15071000e+06 
 5.05249300e+06  5.05249300e+06 
 5.00088500e+06  5.00088500e+06 
 5.15887800e+06  5.15887800e+06 
 5.30419800e+06  5.30419800e+06 
 5.13575400e+06  5.13575400e+06 
 5.05798700e+06  5.05798700e+06 
 4.95093400e+06  4.95093400e+06 
 5.20553800e+06  5.20553800e+06 
 5.07888800e+06  5.07888800e+06 
 5.02381400e+06  5.02381400e+06 
 5.24782800e+06  5.24782800e+06 
 5.20081600e+06  5.20081600e+06 
 5.21645600e+06  5.21645600e+06 
 5.23049200e+06  5.23049200e+06 
 4.93649000e+06  4.93649000e+06 
 5.05783800e+06  5.05783800e+06 
 5.07426700e+06  5.07426700e+06 
 5.06391900e+06  5.06391900e+06 
 5.17560800e+06  5.17560800e+06 
 4.90676900e+06  4.90676900e+06 
 5.09683000e+06  5.09683000e+06 
 5.16028700e+06  5.16028700e+06 
 5.00121300e+06  5.00121300e+06 
 4.99855500e+06  4.99855500e+06 
 5.11904500e+06  5.11904500e+06 
 5.18799000e+06  5.18799000e+06 
 4.96500600e+06  4.96500600e+06 
 5.04084500e+06  5.04084500e+06 
 5.12822300e+06  5.12822300e+06 
 5.32205900e+06  5.32205900e+06 
 4.96659300e+06  4.96659300e+06 
 4.96773900e+06  4.96773900e+06 
 5.01904100e+06  5.01904100e+06 
 5.23040200e+06  5.23040200e+06 
 4.98370500e+06  4.98370500e+06 
 5.04720700e+06  5.04720700e+06 
 5.12414000e+06  5.12414000e+06 
 5.19175800e+06  5.19175800e+06 
 5.18151100e+06  5.18151100e+06 
 5.13523800e+06  5.13523800e+06 
 5.14357400e+06  5.14357400e+06 
 5.07644900e+06  5.07644900e+06 
 5.07384900e+06  5.07384900e+06 
 5.12042600e+06  5.12042600e+06 
 4.94966000e+06  4.94966000e+06 
 5.14433300e+06  5.14433300e+06 
 5.10776200e+06  5.10776200e+06 
 5.19384100e+06  5.19384100e+06 
 5.12957900e+06  5.12957900e+06 
 5.07452700e+06  5.07452700e+06 
 5.10135900e+06  5.10135900e+06 
 5.30572300e+06  5.30572300e+06 
 5.28152800e+06  5.28152800e+06 
 5.18844800e+06  5.18844800e+06 
 5.14437900e+06  5.14437900e+06 
 5.12891700e+06  5.12891700e+06 
 5.12042500e+06  5.12042500e+06 
 5.22917500e+06  5.22917500e+06 
 5.06797600e+06  5.06797600e+06 
 5.07278800e+06  5.07278800e+06 
 5.30709200e+06  5.30709200e+06 
 5.01384300e+06  5.01384300e+06 
 5.06909000e+06  5.06909000e+06 
 5.13904600e+06  5.13904600e+06 
 5.28222300e+06  5.28222300e+06 
 5.10197700e+06  5.10197700e+06 
 5.03560600e+06  5.03560600e+06 
 5.13274900e+06  5.13274900e+06 
 5.20432700e+06  5.20432700e+06 
 5.00152900e+06  5.00152900e+06 
 5.11623200e+06  5.11623200e+06 
 5.06537800e+06  5.06537800e+06 
 5.22491500e+06  5.22491500e+06 
 5.25805500e+06  5.25805500e+06 
 5.12256000e+06  5.12256000e+06 
 5.23769800e+06  5.23769800e+06 
 5.28045200e+06  5.28045200e+06 
 5.16918600e+06  5.16918600e+06 
 4.97688400e+06  4.97688400e+06 
 5.11906700e+06  5.11906700e+06 
 5.12744500e+06  5.12744500e+06 
 5.25810700e+06  5.25810700e+06 
 5.17771700e+06  5.17771700e+06 
 5.03418700e+06  5.03418700e+06 
 5.10230600e+06  5.10230600e+06 
 5.07470300e+06  5.07470300e+06 
 4.97934100e+06  4.97934100e+06 
 5.18445700e+06  5.18445700e+06 
 5.16782600e+06  5.16782600e+06 
 5.08328000e+06  5.08328000e+06 
 5.03477300e+06  5.03477300e+06 
 4.88690700e+06  4.88690700e+06 
 4.99438100e+06  4.99438100e+06 
 5.18428000e+06  5.18428000e+06 
 5.28565000e+06  5.28565000e+06 
 5.11613600e+06  5.11613600e+06 
 5.15013900e+06  5.15013900e+06 
 5.09714500e+06  5.09714500e+06 
 4.98714400e+06  4.98714400e+06 
 5.15061400e+06  5.15061400e+06 
 5.12977400e+06  5.12977400e+06 
 5.04906500e+06  5.04906500e+06 
 5.11349700e+06  5.11349700e+06 
 5.13245000e+06  5.13245000e+06 
 5.01509700e+06  5.01509700e+06 
 5.22133800e+06  5.22133800e+06 
 5.25586800e+06  5.25586800e+06 
 5.09774700e+06  5.09774700e+06 
 5.06994600e+06  5.06994600e+06 
 5.04572600e+06  5.04572600e+06 
 5.07488900e+06  5.07488900e+06 
 5.20625500e+06  5.20625500e+06 
 4.99444400e+06  4.99444400e+06 
 5.14437100e+06  5.14437100e+06 
 5.26691600e+06  5.26691600e+06 
 5.23288000e+06  5.23288000e+06 
 5.35258600e+06  5.35258600e+06 
 5.13116600e+06  5.13116600e+06 
 5.18689700e+06  5.18689700e+06 
 5.10839600e+06  5.10839600e+06 
 4.98188200e+06  4.98188200e+06 
 5.01228100e+06  5.01228100e+06 
 4.98657800e+06  4.98657800e+06 
 5.12118900e+06  5.12118900e+06 
 5.07243900e+06  5.07243900e+06 
 5.08523500e+06  5.08523500e+06 
 5.14866700e+06  5.14866700e+06 
 5.03036800e+06  5.03036800e+06 
 5.07100100e+06  5.07100100e+06 
 4.96018900e+06  4.96018900e+06 
 5.13445100e+06  5.13445100e+06 
 5.26006200e+06  5.26006200e+06 
 5.10369200e+06  5.10369200e+06 
 5.18818400e+06  5.18818400e+06 
 5.15664300e+06  5.15664300e+06 
 5.09133500e+06  5.09133500e+06 
 5.20819600e+06  5.20819600e+06 
 5.16654800e+06  5.16654800e+06 
 5.15123000e+06  5.15123000e+06 
 5.22950400e+06  5.22950400e+06 
 5.00596800e+06  5.00596800e+06 
 4.99564000e+06  4.99564000e+06 
 5.19224100e+06  5.19224100e+06 
 5.23948100e+06  5.23948100e+06 
 5.20530300e+06  5.20530300e+06 
 5.17100800e+06  5.17100800e+06 
 5.22495700e+06  5.22495700e+06 
 5.01778400e+06  5.01778400e+06 
 5.04878300e+06  5.04878300e+06 
 5.19627600e+06  5.19627600e+06 
 5.29468600e+06  5.29468600e+06 
 5.15512000e+06  5.15512000e+06 
 5.00071200e+06  5.00071200e+06 
 5.05131100e+06  5.05131100e+06 
 5.15838200e+06  5.15838200e+06 
 5.12862100e+06  5.12862100e+06 
 5.08124700e+06  5.08124700e+06 
 5.07028400e+06  5.07028400e+06 
 5.07367500e+06  5.07367500e+06 
 5.06725600e+06  5.06725600e+06 
 5.29030000e+06  5.29030000e+06 
 5.16383000e+06  5.16383000e+06 
 5.03786100e+06  5.03786100e+06 
 5.10686400e+06  5.10686400e+06 
 5.33661400e+06  5.33661400e+06 
 5.04863600e+06  5.04863600e+06 
 5.00111000e+06  5.00111000e+06 
 5.03570100e+06  5.03570100e+06 
 4.99573600e+06  4.99573600e+06 
 5.20248100e+06  5.20248100e+06 
 5.16335300e+06  5.16335300e+06 
 5.09898200e+06  5.09898200e+06 
 5.28885100e+06  5.28885100e+06 
 5.25172900e+06  5.25172900e+06 
 5.18197200e+06  5.18197200e+06 
 5.10429100e+06  5.10429100e+06 
 4.95743100e+06  4.95743100e+06 
 5.07997100e+06  5.07997100e+06 
 5.32997000e+06  5.32997000e+06 
 5.21227300e+06  5.21227300e+06 
 5.15598600e+06  5.15598600e+06 
 5.12109500e+06  5.12109500e+06 
 5.23359900e+06  5.23359900e+06 
 4.99460300e+06  4.99460300e+06 
 5.05452300e+06  5.05452300e+06 
 5.16456200e+06  5.16456200e+06 
 5.22956000e+06  5.22956000e+06 
 5.18050700e+06  5.18050700e+06 
 5.14716200e+06  5.14716200e+06 
 5.26080500e+06  5.26080500e+06 
 5.27578100e+06  5.27578100e+06 
 5.04934300e+06  5.04934300e+06 
 5.17083000e+06  5.17083000e+06 
 5.16959000e+06  5.16959000e+06 
 5.16214200e+06  5.16214200e+06 
 4.98045300e+06  4.98045300e+06 
 5.13567900e+06  5.13567900e+06 
 5.15493400e+06  5.15493400e+06 
 5.15555000e+06  5.15555000e+06 
 5.17757000e+06  5.17757000e+06 
 4.95843000e+06  4.95843000e+06 
 5.11240700e+06  5.11240700e+06 
 5.23139500e+06  5.23139500e+06 
 5.12525900e+06  5.12525900e+06 
 5.29773700e+06  5.29773700e+06 
 5.14161200e+06  5.14161200e+06 
 5.02665600e+06  5.02665600e+06 
 5.24989800e+06  5.24989800e+06 
 5.06648500e+06  5.06648500e+06 
 5.14297600e+06  5.14297600e+06 
 5.22296700e+06  5.22296700e+06 
 5.28016700e+06  5.28016700e+06 
 5.18414100e+06  5.18414100e+06 
 5.26806500e+06  5.26806500e+06 
 5.05182900e+06  5.05182900e+06 
 5.00777800e+06  5.00777800e+06 
 5.22583200e+06  5.22583200e+06 
 4.94168400e+06  4.94168400e+06 
 5.17793400e+06  5.17793400e+06 
 5.09686500e+06  5.09686500e+06 
 5.07245500e+06  5.07245500e+06 
 5.15758300e+06  5.15758300e+06 
 5.14861000e+06  5.14861000e+06 
 5.06589500e+06  5.06589500e+06 
 5.25166200e+06  5.25166200e+06 
 5.17531200e+06  5.17531200e+06 
 5.21024100e+06  5.21024100e+06 
 5.15236800e+06  5.15236800e+06 
 5.11716800e+06  5.11716800e+06 
 5.03350700e+06  5.03350700e+06 
 5.03783100e+06  5.03783100e+06 
 5.19424900e+06  5.19424900e+06 
 5.11669500e+06  5.11669500e+06 
 5.17177400e+06  5.17177400e+06 
 5.23494400e+06  5.23494400e+06 
 5.13924200e+06  5.13924200e+06 
 5.22672800e+06  5.22672800e+06 
 5.13254400e+06  5.13254400e+06 
 5.19631400e+06  5.19631400e+06 
 5.05050200e+06  5.05050200e+06 
 5.34811200e+06  5.34811200e+06 
 5.10885100e+06  5.10885100e+06 
 5.19372400e+06  5.19372400e+06 
 5.08023100e+06  5.08023100e+06 
 5.07876500e+06  5.07876500e+06 
 5.03654900e+06  5.03654900e+06 
 5.37013800e+06  5.37013800e+06 
 5.02372900e+06  5.02372900e+06 
 5.21822600e+06  5.21822600e+06 
 5.11927900e+06  5.11927900e+06 
 5.21480600e+06  5.21480600e+06 
 5.16518200e+06  5.16518200e+06 
 5.15304900e+06  5.15304900e+06 
 5.21976800e+06  5.21976800e+06 
 5.15159500e+06  5.15159500e+06 
 5.08483900e+06  5.08483900e+06 
 5.11102400e+06  5.11102400e+06 
 5.22622200e+06  5.22622200e+06 
 5.17114400e+06  5.17114400e+06 
 5.19257700e+06  5.19257700e+06 
 5.15720600e+06  5.15720600e+06 
 5.24694100e+06  5.24694100e+06 
 5.24465500e+06  5.24465500e+06 
 5.16961600e+06  5.16961600e+06 
 5.01064700e+06  5.01064700e+06 
 5.12228800e+06  5.12228800e+06 
 5.04417900e+06  5.04417900e+06 
 5.11744500e+06  5.11744500e+06 
 5.10072600e+06  5.10072600e+06 
 5.07835500e+06  5.07835500e+06 
 5.13732000e+06  5.13732000e+06 
 5.07994800e+06  5.07994800e+06 
 5.00279600e+06  5.00279600e+06 
 5.14554700e+06  5.14554700e+06 
 5.27198600e+06  5.27198600e+06 
 5.22785200e+06  5.22785200e+06 
 5.10958300e+06  5.10958300e+06 
 5.11818000e+06  5.11818000e+06 
 5.10639500e+06  5.10639500e+06 
 5.03941800e+06  5.03941800e+06 
 5.18955000e+06  5.18955000e+06 
 5.17645900e+06  5.17645900e+06 
 5.15325300e+06  5.15325300e+06 
 5.08429700e+06  5.08429700e+06 
 4.96558200e+06  4.96558200e+06 
 5.09245700e+06  5.09245700e+06 
 5.09785700e+06  5.09785700e+06 
 5.12189300e+06  5.12189300e+06 
 5.03898700e+06  5.03898700e+06 
 5.06234900e+06  5.06234900e+06 
 5.06568800e+06  5.06568800e+06 
 5.19246800e+06  5.19246800e+06 
 5.00130100e+06  5.00130100e+06 
 5.00613600e+06  5.00613600e+06 
 5.15196700e+06  5.15196700e+06 
 5.03088200e+06  5.03088200e+06 
 5.11110000e+06  5.11110000e+06 
 5.04326200e+06  5.04326200e+06 
 5.04944900e+06  5.04944900e+06 
 5.17674100e+06  5.17674100e+06 
 5.00199900e+06  5.00199900e+06 
 5.20344700e+06  5.20344700e+06 
 5.14654700e+06  5.14654700e+06 
 5.05082200e+06  5.05082200e+06 
 5.25398500e+06  5.25398500e+06 
 5.15297700e+06  5.15297700e+06 
 5.03436500e+06  5.03436500e+06 
 5.16879600e+06  5.16879600e+06 
 5.29546300e+06  5.29546300e+06 
 5.19605300e+06  5.19605300e+06 
 5.11671700e+06  5.11671700e+06 
 5.11346300e+06  5.11346300e+06 
 5.18165700e+06  5.18165700e+06 
 5.09214300e+06  5.09214300e+06 
 5.11853600e+06  5.11853600e+06 
 5.03974300e+06  5.03974300e+06 
 5.14698100e+06  5.14698100e+06 
 5.18510200e+06  5.18510200e+06 
 5.22068500e+06  5.22068500e+06 
 5.14749900e+06  5.14749900e+06 
 4.98625000e+06  4.98625000e+06 
 4.97630200e+06  4.97630200e+06 
 5.31990900e+06  5.31990900e+06 
 4.97554900e+06  4.97554900e+06 
 5.07320400e+06  5.07320400e+06 
 5.14713900e+06  5.14713900e+06 
 5.17373800e+06  5.17373800e+06 
 5.17829800e+06  5.17829800e+06 
 5.26997900e+06  5.26997900e+06 
 5.19413200e+06  5.19413200e+06 
 4.96746900e+06  4.96746900e+06 
 5.04824300e+06  5.04824300e+06 
 5.17117700e+06  5.17117700e+06 
 5.30169600e+06  5.30169600e+06 
 5.14466900e+06  5.14466900e+06 
 5.06784900e+06  5.06784900e+06 
 5.13337900e+06  5.13337900e+06 
 5.05677500e+06  5.05677500e+06 
 5.16439800e+06  5.16439800e+06 
 5.18637400e+06  5.18637400e+06 
 5.06061600e+06  5.06061600e+06 
 5.10262300e+06  5.10262300e+06 
 5.15081400e+06  5.15081400e+06 
 5.28540400e+06  5.28540400e+06 
 5.15364700e+06  5.15364700e+06 
 5.00783500e+06  5.00783500e+06 
 5.00019200e+06  5.00019200e+06 
 5.20326000e+06  5.20326000e+06 
 5.06518500e+06  5.06518500e+06 
 5.01983800e+06  5.01983800e+06 
 5.12674300e+06  5.12674300e+06 
 5.18323800e+06  5.18323800e+06 
 5.03502000e+06  5.03502000e+06 
 5.05316000e+06  5.05316000e+06 
 5.00709300e+06  5.00709300e+06 
 5.12565900e+06  5.12565900e+06 
 5.07066400e+06  5.07066400e+06 
 5.15222500e+06  5.15222500e+06 
 5.15141600e+06  5.15141600e+06 
 5.18224700e+06  5.18224700e+06 
 5.02965700e+06  5.02965700e+06 
 5.19222200e+06  5.19222200e+06 
 5.00525300e+06  5.00525300e+06 
 5.02209400e+06  5.02209400e+06 
 5.13695200e+06  5.13695200e+06 
 5.05564100e+06  5.05564100e+06 
 5.00293600e+06  5.00293600e+06 
 5.05578300e+06  5.05578300e+06 
 4.99242500e+06  4.99242500e+06 
 5.28472900e+06  5.28472900e+06 
 5.14568700e+06  5.14568700e+06 
 5.10744100e+06  5.10744100e+06 
 5.24868500e+06  5.24868500e+06 
 4.99539300e+06  4.99539300e+06 
 5.23992600e+06  5.23992600e+06 
 5.06633200e+06  5.06633200e+06 
 4.95694600e+06  4.95694600e+06 
 5.11390600e+06  5.11390600e+06 
 5.06937300e+06  5.06937300e+06 
 5.19079800e+06  5.19079800e+06 
 4.96949500e+06  4.96949500e+06 
 5.36912400e+06  5.36912400e+06 
 4.94786700e+06  4.94786700e+06 
 5.03698600e+06  5.03698600e+06 
 5.18200400e+06  5.18200400e+06 
 5.14059300e+06  5.14059300e+06 
 5.04298800e+06  5.04298800e+06 
 5.07759600e+06  5.07759600e+06 
 5.18968700e+06  5.18968700e+06 
 5.07286700e+06  5.07286700e+06 
 5.21583800e+06  5.21583800e+06 
 5.21403800e+06  5.21403800e+06 
 5.14797500e+06  5.14797500e+06 
 5.15494000e+06  5.15494000e+06 
 5.05766800e+06  5.05766800e+06 
 5.06050300e+06  5.06050300e+06 
 5.26798300e+06  5.26798300e+06 
 5.08790300e+06  5.08790300e+06 
 5.14545800e+06  5.14545800e+06 
 5.07347900e+06  5.07347900e+06 
 5.17837400e+06  5.17837400e+06 
 4.97708100e+06  4.97708100e+06 
 5.30027200e+06  5.30027200e+06 
 5.17470400e+06  5.17470400e+06 
 4.90810700e+06  4.90810700e+06 
 5.04750900e+06  5.04750900e+06 
 5.13113700e+06  5.13113700e+06 
 5.04341600e+06  5.04341600e+06 
 5.22528600e+06  5.22528600e+06 
 5.16822500e+06  5.16822500e+06 
 4.95384200e+06  4.95384200e+06 
 5.02880700e+06  5.02880700e+06 
 5.20275500e+06  5.20275500e+06 
 5.05689900e+06  5.05689900e+06 
 5.07481600e+06  5.07481600e+06 
 5.06088200e+06  5.06088200e+06 
 5.28030000e+06  5.28030000e+06 
 5.11897300e+06  5.11897300e+06 
 5.13711400e+06  5.13711400e+06 
 5.22995900e+06  5.22995900e+06 
 5.17888000e+06  5.17888000e+06 
 4.94991600e+06  4.94991600e+06 
 4.99924300e+06  4.99924300e+06 
 5.08295900e+06  5.08295900e+06 
 5.09073600e+06  5.09073600e+06 
 5.15286500e+06  5.15286500e+06 
 5.15231500e+06  5.15231500e+06 
 5.17427400e+06  5.17427400e+06 
 5.17871300e+06  5.17871300e+06 
 5.26788600e+06  5.26788600e+06 
 5.07129200e+06  5.07129200e+06 
 5.08148100e+06  5.08148100e+06 
 5.17400900e+06  5.17400900e+06 
 4.99494300e+06  4.99494300e+06 
 5.16260400e+06  5.16260400e+06 
 5.09242800e+06  5.09242800e+06 
 5.20908600e+06  5.20908600e+06 
 4.97980200e+06  4.97980200e+06 
 5.21256200e+06  5.21256200e+06 
 5.14996000e+06  5.14996000e+06 
 5.01268700e+06  5.01268700e+06 
 5.10750500e+06  5.10750500e+06 
 5.13515000e+06  5.13515000e+06 
 5.03908400e+06  5.03908400e+06 
 5.15181400e+06  5.15181400e+06 
 5.08960400e+06  5.08960400e+06 
 5.17367100e+06  5.17367100e+06 
 5.11230700e+06  5.11230700e+06 
 5.13334400e+06  5.13334400e+06 
 5.15306300e+06  5.15306300e+06 
 5.30615800e+06  5.30615800e+06 
 5.10812100e+06  5.10812100e+06 
 5.06042100e+06  5.06042100e+06 
 5.11092000e+06  5.11092000e+06 
 4.99562500e+06  4.99562500e+06 
 5.25629400e+06  5.25629400e+06 
 5.00079200e+06  5.00079200e+06 
 5.30336200e+06  5.30336200e+06 
 5.20946700e+06  5.20946700e+06 
 5.23131500e+06  5.23131500e+06 
 5.01865900e+06  5.01865900e+06 
 5.11672800e+06  5.11672800e+06 
 5.01639900e+06  5.01639900e+06 
 5.19040700e+06  5.19040700e+06 
 5.15828300e+06  5.15828300e+06 
 5.11461200e+06  5.11461200e+06 
 5.22098700e+06  5.22098700e+06 
 5.09763500e+06  5.09763500e+06 
 5.07014800e+06  5.07014800e+06 
 5.01051500e+06  5.01051500e+06 
 5.23826400e+06  5.23826400e+06 
 5.01138000e+06  5.01138000e+06 
 5.10473600e+06  5.10473600e+06 
 5.09237400e+06  5.09237400e+06 
 5.06264200e+06  5.06264200e+06 
 5.11455400e+06  5.11455400e+06 
 5.07426800e+06  5.07426800e+06 
 5.12161600e+06  5.12161600e+06 
 5.12751700e+06  5.12751700e+06 
 5.23267000e+06  5.23267000e+06 
 5.18089900e+06  5.18089900e+06 
 5.12236100e+06  5.12236100e+06 
 5.05609400e+06  5.05609400e+06 
 4.92003500e+06  4.92003500e+06 
 4.94602400e+06  4.94602400e+06 
 5.09792900e+06  5.09792900e+06 
 5.28655300e+06  5.28655300e+06 
 5.05359700e+06  5.05359700e+06 
 5.14728000e+06  5.14728000e+06 
 5.16378500e+06  5.16378500e+06 
 5.18264100e+06  5.18264100e+06 
 5.04442300e+06  5.04442300e+06 
 5.28054300e+06  5.28054300e+06 
 5.01152400e+06  5.01152400e+06 
 5.12816900e+06  5.12816900e+06 
 5.05951000e+06  5.05951000e+06 
 5.16302600e+06  5.16302600e+06 
 4.93674700e+06  4.93674700e+06 
 5.18727900e+06  5.18727900e+06 
 5.08697900e+06  5.08697900e+06 
 5.17621700e+06  5.17621700e+06 
 5.07391900e+06  5.07391900e+06 
 4.96417900e+06  4.96417900e+06 
 5.26312900e+06  5.26312900e+06 
 5.10461000e+06  5.10461000e+06 
 5.06470200e+06  5.06470200e+06 
 5.14656500e+06  5.14656500e+06 
 5.13269900e+06  5.13269900e+06 
 5.24007100e+06  5.24007100e+06 
 5.06267400e+06  5.06267400e+06 
 5.13927600e+06  5.13927600e+06 
 5.13191900e+06  5.13191900e+06 
 5.12838000e+06  5.12838000e+06 
 4.94863600e+06  4.94863600e+06 
 5.09342600e+06  5.09342600e+06 
 5.14538400e+06  5.14538400e+06 
 5.14392300e+06  5.14392300e+06 
 5.28601900e+06  5.28601900e+06 
 5.12812600e+06  5.12812600e+06 
 5.22506400e+06  5.22506400e+06 
 5.07845500e+06  5.07845500e+06 
 5.15269100e+06  5.15269100e+06 
 5.14981100e+06  5.14981100e+06 
 5.04325500e+06  5.04325500e+06 
 5.03951100e+06  5.03951100e+06 
 5.17833200e+06  5.17833200e+06 
 5.14313000e+06  5.14313000e+06 
 5.11721700e+06  5.11721700e+06 
 4.89836700e+06  4.89836700e+06 
 4.97010200e+06  4.97010200e+06 
 5.15214500e+06  5.15214500e+06 
 5.14600100e+06  5.14600100e+06 
 5.11653800e+06  5.11653800e+06 
 5.13312400e+06  5.13312400e+06 
 5.08348000e+06  5.08348000e+06 
 5.15204200e+06  5.15204200e+06 
 5.09626400e+06  5.09626400e+06 
 5.25974200e+06  5.25974200e+06 
 5.05153800e+06  5.05153800e+06 
 5.15899500e+06  5.15899500e+06 
 5.15498300e+06  5.15498300e+06 
 5.06025300e+06  5.06025300e+06 
 4.99785700e+06  4.99785700e+06 
 5.20544400e+06  5.20544400e+06 
 4.96691400e+06  4.96691400e+06 
 5.09809600e+06  5.09809600e+06 
 5.03437800e+06  5.03437800e+06 
 5.17385300e+06  5.17385300e+06 
 5.21130800e+06  5.21130800e+06 
 5.09670500e+06  5.09670500e+06 
 5.06527100e+06  5.06527100e+06 
 5.20221200e+06  5.20221200e+06 
 5.14746300e+06  5.14746300e+06 
 5.06660500e+06  5.06660500e+06 
 5.06094400e+06  5.06094400e+06 
 5.03629000e+06  5.03629000e+06 
 5.14517700e+06  5.14517700e+06 
