 out             out            
 1.00000000e+00  1.00000000e+00 
 frequency       fmax            cut            
 1.00000000e+00  1.00000000e+00  5.12191900e+06 
 1.05925373e+00  1.00000000e+00  5.12191900e+06 
 1.12201845e+00  1.00000000e+00  5.12191900e+06 
 1.18850223e+00  1.00000000e+00  5.12191900e+06 
 1.25892541e+00  1.00000000e+00  5.12191900e+06 
 1.33352143e+00  1.00000000e+00  5.12191900e+06 
 1.41253754e+00  1.00000000e+00  5.12191900e+06 
 1.49623566e+00  1.00000000e+00  5.12191900e+06 
 1.58489319e+00  1.00000000e+00  5.12191900e+06 
 1.67880402e+00  1.00000000e+00  5.12191900e+06 
 1.77827941e+00  1.00000000e+00  5.12191900e+06 
 1.88364909e+00  1.00000000e+00  5.12191900e+06 
 1.99526231e+00  1.00000000e+00  5.12191900e+06 
 2.11348904e+00  1.00000000e+00  5.12191900e+06 
 2.23872114e+00  1.00000000e+00  5.12191900e+06 
 2.37137371e+00  1.00000000e+00  5.12191900e+06 
 2.51188643e+00  1.00000000e+00  5.12191900e+06 
 2.66072506e+00  1.00000000e+00  5.12191900e+06 
 2.81838293e+00  1.00000000e+00  5.12191900e+06 
 2.98538262e+00  1.00000000e+00  5.12191900e+06 
 3.16227766e+00  1.00000000e+00  5.12191900e+06 
 3.34965439e+00  1.00000000e+00  5.12191900e+06 
 3.54813389e+00  1.00000000e+00  5.12191900e+06 
 3.75837404e+00  1.00000000e+00  5.12191900e+06 
 3.98107171e+00  1.00000000e+00  5.12191900e+06 
 4.21696503e+00  1.00000000e+00  5.12191900e+06 
 4.46683592e+00  1.00000000e+00  5.12191900e+06 
 4.73151259e+00  1.00000000e+00  5.12191900e+06 
 5.01187234e+00  1.00000000e+00  5.12191900e+06 
 5.30884444e+00  1.00000000e+00  5.12191900e+06 
 5.62341325e+00  1.00000000e+00  5.12191900e+06 
 5.95662144e+00  1.00000000e+00  5.12191900e+06 
 6.30957344e+00  1.00000000e+00  5.12191900e+06 
 6.68343918e+00  1.00000000e+00  5.12191900e+06 
 7.07945784e+00  1.00000000e+00  5.12191900e+06 
 7.49894209e+00  1.00000000e+00  5.12191900e+06 
 7.94328235e+00  1.00000000e+00  5.12191900e+06 
 8.41395142e+00  1.00000000e+00  5.12191900e+06 
 8.91250938e+00  1.00000000e+00  5.12191900e+06 
 9.44060876e+00  1.00000000e+00  5.12191900e+06 
 1.00000000e+01  1.00000000e+00  5.12191900e+06 
 1.05925373e+01  1.00000000e+00  5.12191900e+06 
 1.12201845e+01  1.00000000e+00  5.12191900e+06 
 1.18850223e+01  1.00000000e+00  5.12191900e+06 
 1.25892541e+01  1.00000000e+00  5.12191900e+06 
 1.33352143e+01  1.00000000e+00  5.12191900e+06 
 1.41253754e+01  1.00000000e+00  5.12191900e+06 
 1.49623566e+01  1.00000000e+00  5.12191900e+06 
 1.58489319e+01  1.00000000e+00  5.12191900e+06 
 1.67880402e+01  1.00000000e+00  5.12191900e+06 
 1.77827941e+01  1.00000000e+00  5.12191900e+06 
 1.88364909e+01  1.00000000e+00  5.12191900e+06 
 1.99526231e+01  1.00000000e+00  5.12191900e+06 
 2.11348904e+01  1.00000000e+00  5.12191900e+06 
 2.23872114e+01  1.00000000e+00  5.12191900e+06 
 2.37137371e+01  1.00000000e+00  5.12191900e+06 
 2.51188643e+01  1.00000000e+00  5.12191900e+06 
 2.66072506e+01  1.00000000e+00  5.12191900e+06 
 2.81838293e+01  1.00000000e+00  5.12191900e+06 
 2.98538262e+01  1.00000000e+00  5.12191900e+06 
 3.16227766e+01  1.00000000e+00  5.12191900e+06 
 3.34965439e+01  1.00000000e+00  5.12191900e+06 
 3.54813389e+01  1.00000000e+00  5.12191900e+06 
 3.75837404e+01  1.00000000e+00  5.12191900e+06 
 3.98107171e+01  1.00000000e+00  5.12191900e+06 
 4.21696503e+01  1.00000000e+00  5.12191900e+06 
 4.46683592e+01  1.00000000e+00  5.12191900e+06 
 4.73151259e+01  1.00000000e+00  5.12191900e+06 
 5.01187234e+01  1.00000000e+00  5.12191900e+06 
 5.30884444e+01  1.00000000e+00  5.12191900e+06 
 5.62341325e+01  1.00000000e+00  5.12191900e+06 
 5.95662144e+01  1.00000000e+00  5.12191900e+06 
 6.30957344e+01  1.00000000e+00  5.12191900e+06 
 6.68343918e+01  1.00000000e+00  5.12191900e+06 
 7.07945784e+01  1.00000000e+00  5.12191900e+06 
 7.49894209e+01  1.00000000e+00  5.12191900e+06 
 7.94328235e+01  1.00000000e+00  5.12191900e+06 
 8.41395142e+01  1.00000000e+00  5.12191900e+06 
 8.91250938e+01  1.00000000e+00  5.12191900e+06 
 9.44060876e+01  1.00000000e+00  5.12191900e+06 
 1.00000000e+02  1.00000000e+00  5.12191900e+06 
 1.05925373e+02  1.00000000e+00  5.12191900e+06 
 1.12201845e+02  1.00000000e+00  5.12191900e+06 
 1.18850223e+02  1.00000000e+00  5.12191900e+06 
 1.25892541e+02  1.00000000e+00  5.12191900e+06 
 1.33352143e+02  1.00000000e+00  5.12191900e+06 
 1.41253754e+02  1.00000000e+00  5.12191900e+06 
 1.49623566e+02  1.00000000e+00  5.12191900e+06 
 1.58489319e+02  1.00000000e+00  5.12191900e+06 
 1.67880402e+02  1.00000000e+00  5.12191900e+06 
 1.77827941e+02  1.00000000e+00  5.12191900e+06 
 1.88364909e+02  1.00000000e+00  5.12191900e+06 
 1.99526231e+02  1.00000000e+00  5.12191900e+06 
 2.11348904e+02  1.00000000e+00  5.12191900e+06 
 2.23872114e+02  1.00000000e+00  5.12191900e+06 
 2.37137371e+02  1.00000000e+00  5.12191900e+06 
 2.51188643e+02  1.00000000e+00  5.12191900e+06 
 2.66072506e+02  1.00000000e+00  5.12191900e+06 
 2.81838293e+02  1.00000000e+00  5.12191900e+06 
 2.98538262e+02  1.00000000e+00  5.12191900e+06 
 3.16227766e+02  1.00000000e+00  5.12191900e+06 
 3.34965439e+02  1.00000000e+00  5.12191900e+06 
 3.54813389e+02  1.00000000e+00  5.12191900e+06 
 3.75837404e+02  1.00000000e+00  5.12191900e+06 
 3.98107171e+02  1.00000000e+00  5.12191900e+06 
 4.21696503e+02  1.00000000e+00  5.12191900e+06 
 4.46683592e+02  1.00000000e+00  5.12191900e+06 
 4.73151259e+02  1.00000000e+00  5.12191900e+06 
 5.01187234e+02  1.00000000e+00  5.12191900e+06 
 5.30884444e+02  1.00000000e+00  5.12191900e+06 
 5.62341325e+02  1.00000000e+00  5.12191900e+06 
 5.95662144e+02  1.00000000e+00  5.12191900e+06 
 6.30957344e+02  1.00000000e+00  5.12191900e+06 
 6.68343918e+02  1.00000000e+00  5.12191900e+06 
 7.07945784e+02  1.00000000e+00  5.12191900e+06 
 7.49894209e+02  1.00000000e+00  5.12191900e+06 
 7.94328235e+02  1.00000000e+00  5.12191900e+06 
 8.41395142e+02  1.00000000e+00  5.12191900e+06 
 8.91250938e+02  1.00000000e+00  5.12191900e+06 
 9.44060876e+02  1.00000000e+00  5.12191900e+06 
 1.00000000e+03  1.00000000e+00  5.12191900e+06 
 1.05925373e+03  1.00000000e+00  5.12191900e+06 
 1.12201845e+03  1.00000000e+00  5.12191900e+06 
 1.18850223e+03  1.00000000e+00  5.12191900e+06 
 1.25892541e+03  1.00000000e+00  5.12191900e+06 
 1.33352143e+03  1.00000000e+00  5.12191900e+06 
 1.41253754e+03  1.00000000e+00  5.12191900e+06 
 1.49623566e+03  1.00000000e+00  5.12191900e+06 
 1.58489319e+03  1.00000000e+00  5.12191900e+06 
 1.67880402e+03  1.00000000e+00  5.12191900e+06 
 1.77827941e+03  1.00000000e+00  5.12191900e+06 
 1.88364909e+03  1.00000000e+00  5.12191900e+06 
 1.99526231e+03  1.00000000e+00  5.12191900e+06 
 2.11348904e+03  1.00000000e+00  5.12191900e+06 
 2.23872114e+03  1.00000000e+00  5.12191900e+06 
 2.37137371e+03  1.00000000e+00  5.12191900e+06 
 2.51188643e+03  1.00000000e+00  5.12191900e+06 
 2.66072506e+03  1.00000000e+00  5.12191900e+06 
 2.81838293e+03  1.00000000e+00  5.12191900e+06 
 2.98538262e+03  1.00000000e+00  5.12191900e+06 
 3.16227766e+03  1.00000000e+00  5.12191900e+06 
 3.34965439e+03  1.00000000e+00  5.12191900e+06 
 3.54813389e+03  1.00000000e+00  5.12191900e+06 
 3.75837404e+03  1.00000000e+00  5.12191900e+06 
 3.98107171e+03  1.00000000e+00  5.12191900e+06 
 4.21696503e+03  1.00000000e+00  5.12191900e+06 
 4.46683592e+03  1.00000000e+00  5.12191900e+06 
 4.73151259e+03  1.00000000e+00  5.12191900e+06 
 5.01187234e+03  1.00000000e+00  5.12191900e+06 
 5.30884444e+03  1.00000000e+00  5.12191900e+06 
 5.62341325e+03  1.00000000e+00  5.12191900e+06 
 5.95662144e+03  1.00000000e+00  5.12191900e+06 
 6.30957344e+03  1.00000000e+00  5.12191900e+06 
 6.68343918e+03  1.00000000e+00  5.12191900e+06 
 7.07945784e+03  1.00000000e+00  5.12191900e+06 
 7.49894209e+03  1.00000000e+00  5.12191900e+06 
 7.94328235e+03  1.00000000e+00  5.12191900e+06 
 8.41395142e+03  1.00000000e+00  5.12191900e+06 
 8.91250938e+03  1.00000000e+00  5.12191900e+06 
 9.44060876e+03  1.00000000e+00  5.12191900e+06 
 1.00000000e+04  1.00000000e+00  5.12191900e+06 
 1.05925373e+04  1.00000000e+00  5.12191900e+06 
 1.12201845e+04  1.00000000e+00  5.12191900e+06 
 1.18850223e+04  1.00000000e+00  5.12191900e+06 
 1.25892541e+04  1.00000000e+00  5.12191900e+06 
 1.33352143e+04  1.00000000e+00  5.12191900e+06 
 1.41253754e+04  1.00000000e+00  5.12191900e+06 
 1.49623566e+04  1.00000000e+00  5.12191900e+06 
 1.58489319e+04  1.00000000e+00  5.12191900e+06 
 1.67880402e+04  1.00000000e+00  5.12191900e+06 
 1.77827941e+04  1.00000000e+00  5.12191900e+06 
 1.88364909e+04  1.00000000e+00  5.12191900e+06 
 1.99526231e+04  1.00000000e+00  5.12191900e+06 
 2.11348904e+04  1.00000000e+00  5.12191900e+06 
 2.23872114e+04  1.00000000e+00  5.12191900e+06 
 2.37137371e+04  1.00000000e+00  5.12191900e+06 
 2.51188643e+04  1.00000000e+00  5.12191900e+06 
 2.66072506e+04  1.00000000e+00  5.12191900e+06 
 2.81838293e+04  1.00000000e+00  5.12191900e+06 
 2.98538262e+04  1.00000000e+00  5.12191900e+06 
 3.16227766e+04  1.00000000e+00  5.12191900e+06 
 3.34965439e+04  1.00000000e+00  5.12191900e+06 
 3.54813389e+04  1.00000000e+00  5.12191900e+06 
 3.75837404e+04  1.00000000e+00  5.12191900e+06 
 3.98107171e+04  1.00000000e+00  5.12191900e+06 
 4.21696503e+04  1.00000000e+00  5.12191900e+06 
 4.46683592e+04  1.00000000e+00  5.12191900e+06 
 4.73151259e+04  1.00000000e+00  5.12191900e+06 
 5.01187234e+04  1.00000000e+00  5.12191900e+06 
 5.30884444e+04  1.00000000e+00  5.12191900e+06 
 5.62341325e+04  1.00000000e+00  5.12191900e+06 
 5.95662144e+04  1.00000000e+00  5.12191900e+06 
 6.30957344e+04  1.00000000e+00  5.12191900e+06 
 6.68343918e+04  1.00000000e+00  5.12191900e+06 
 7.07945784e+04  1.00000000e+00  5.12191900e+06 
 7.49894209e+04  1.00000000e+00  5.12191900e+06 
 7.94328235e+04  1.00000000e+00  5.12191900e+06 
 8.41395142e+04  1.00000000e+00  5.12191900e+06 
 8.91250938e+04  1.00000000e+00  5.12191900e+06 
 9.44060876e+04  1.00000000e+00  5.12191900e+06 
 1.00000000e+05  1.00000000e+00  5.12191900e+06 
 1.05925373e+05  1.00000000e+00  5.12191900e+06 
 1.12201845e+05  1.00000000e+00  5.12191900e+06 
 1.18850223e+05  1.00000000e+00  5.12191900e+06 
 1.25892541e+05  1.00000000e+00  5.12191900e+06 
 1.33352143e+05  1.00000000e+00  5.12191900e+06 
 1.41253754e+05  1.00000000e+00  5.12191900e+06 
 1.49623566e+05  1.00000000e+00  5.12191900e+06 
 1.58489319e+05  1.00000000e+00  5.12191900e+06 
 1.67880402e+05  1.00000000e+00  5.12191900e+06 
 1.77827941e+05  1.00000000e+00  5.12191900e+06 
 1.88364909e+05  1.00000000e+00  5.12191900e+06 
 1.99526231e+05  1.00000000e+00  5.12191900e+06 
 2.11348904e+05  1.00000000e+00  5.12191900e+06 
 2.23872114e+05  1.00000000e+00  5.12191900e+06 
 2.37137371e+05  1.00000000e+00  5.12191900e+06 
 2.51188643e+05  1.00000000e+00  5.12191900e+06 
 2.66072506e+05  1.00000000e+00  5.12191900e+06 
 2.81838293e+05  1.00000000e+00  5.12191900e+06 
 2.98538262e+05  1.00000000e+00  5.12191900e+06 
 3.16227766e+05  1.00000000e+00  5.12191900e+06 
 3.34965439e+05  1.00000000e+00  5.12191900e+06 
 3.54813389e+05  1.00000000e+00  5.12191900e+06 
 3.75837404e+05  1.00000000e+00  5.12191900e+06 
 3.98107171e+05  1.00000000e+00  5.12191900e+06 
 4.21696503e+05  1.00000000e+00  5.12191900e+06 
 4.46683592e+05  1.00000000e+00  5.12191900e+06 
 4.73151259e+05  1.00000000e+00  5.12191900e+06 
 5.01187234e+05  1.00000000e+00  5.12191900e+06 
 5.30884444e+05  1.00000000e+00  5.12191900e+06 
 5.62341325e+05  1.00000000e+00  5.12191900e+06 
 5.95662144e+05  1.00000000e+00  5.12191900e+06 
 6.30957344e+05  1.00000000e+00  5.12191900e+06 
 6.68343918e+05  1.00000000e+00  5.12191900e+06 
 7.07945784e+05  1.00000000e+00  5.12191900e+06 
 7.49894209e+05  1.00000000e+00  5.12191900e+06 
 7.94328235e+05  1.00000000e+00  5.12191900e+06 
 8.41395142e+05  1.00000000e+00  5.12191900e+06 
 8.91250938e+05  1.00000000e+00  5.12191900e+06 
 9.44060876e+05  1.00000000e+00  5.12191900e+06 
 1.00000000e+06  1.00000000e+00  5.12191900e+06 
 1.05925373e+06  1.00000000e+00  5.12191900e+06 
 1.12201845e+06  1.00000000e+00  5.12191900e+06 
 1.18850223e+06  1.00000000e+00  5.12191900e+06 
 1.25892541e+06  1.00000000e+00  5.12191900e+06 
 1.33352143e+06  1.00000000e+00  5.12191900e+06 
 1.41253754e+06  1.00000000e+00  5.12191900e+06 
 1.49623566e+06  1.00000000e+00  5.12191900e+06 
 1.58489319e+06  1.00000000e+00  5.12191900e+06 
 1.67880402e+06  1.00000000e+00  5.12191900e+06 
 1.77827941e+06  1.00000000e+00  5.12191900e+06 
 1.88364909e+06  1.00000000e+00  5.12191900e+06 
 1.99526231e+06  1.00000000e+00  5.12191900e+06 
 2.11348904e+06  1.00000000e+00  5.12191900e+06 
 2.23872114e+06  1.00000000e+00  5.12191900e+06 
 2.37137371e+06  1.00000000e+00  5.12191900e+06 
 2.51188643e+06  1.00000000e+00  5.12191900e+06 
 2.66072506e+06  1.00000000e+00  5.12191900e+06 
 2.81838293e+06  1.00000000e+00  5.12191900e+06 
 2.98538262e+06  1.00000000e+00  5.12191900e+06 
 3.16227766e+06  1.00000000e+00  5.12191900e+06 
 3.34965439e+06  1.00000000e+00  5.12191900e+06 
 3.54813389e+06  1.00000000e+00  5.12191900e+06 
 3.75837404e+06  1.00000000e+00  5.12191900e+06 
 3.98107171e+06  1.00000000e+00  5.12191900e+06 
 4.21696503e+06  1.00000000e+00  5.12191900e+06 
 4.46683592e+06  1.00000000e+00  5.12191900e+06 
 4.73151259e+06  1.00000000e+00  5.12191900e+06 
 5.01187234e+06  1.00000000e+00  5.12191900e+06 
 5.30884444e+06  1.00000000e+00  5.12191900e+06 
 5.62341325e+06  1.00000000e+00  5.12191900e+06 
 5.95662144e+06  1.00000000e+00  5.12191900e+06 
 6.30957344e+06  1.00000000e+00  5.12191900e+06 
 6.68343918e+06  1.00000000e+00  5.12191900e+06 
 7.07945784e+06  1.00000000e+00  5.12191900e+06 
 7.49894209e+06  1.00000000e+00  5.12191900e+06 
 7.94328235e+06  1.00000000e+00  5.12191900e+06 
 8.41395142e+06  1.00000000e+00  5.12191900e+06 
 8.91250938e+06  1.00000000e+00  5.12191900e+06 
 9.44060876e+06  1.00000000e+00  5.12191900e+06 
 1.00000000e+07  1.00000000e+00  5.12191900e+06 
 1.05925373e+07  1.00000000e+00  5.12191900e+06 
 1.12201845e+07  1.00000000e+00  5.12191900e+06 
 1.18850223e+07  1.00000000e+00  5.12191900e+06 
 1.25892541e+07  1.00000000e+00  5.12191900e+06 
 1.33352143e+07  1.00000000e+00  5.12191900e+06 
 1.41253754e+07  1.00000000e+00  5.12191900e+06 
 1.49623566e+07  1.00000000e+00  5.12191900e+06 
 1.58489319e+07  1.00000000e+00  5.12191900e+06 
 1.67880402e+07  1.00000000e+00  5.12191900e+06 
 1.77827941e+07  1.00000000e+00  5.12191900e+06 
 1.88364909e+07  1.00000000e+00  5.12191900e+06 
 1.99526231e+07  1.00000000e+00  5.12191900e+06 
 2.11348904e+07  1.00000000e+00  5.12191900e+06 
 2.23872114e+07  1.00000000e+00  5.12191900e+06 
 2.37137371e+07  1.00000000e+00  5.12191900e+06 
 2.51188643e+07  1.00000000e+00  5.12191900e+06 
 2.66072506e+07  1.00000000e+00  5.12191900e+06 
 2.81838293e+07  1.00000000e+00  5.12191900e+06 
 2.98538262e+07  1.00000000e+00  5.12191900e+06 
 3.16227766e+07  1.00000000e+00  5.12191900e+06 
 3.34965439e+07  1.00000000e+00  5.12191900e+06 
 3.54813389e+07  1.00000000e+00  5.12191900e+06 
 3.75837404e+07  1.00000000e+00  5.12191900e+06 
 3.98107171e+07  1.00000000e+00  5.12191900e+06 
 4.21696503e+07  1.00000000e+00  5.12191900e+06 
 4.46683592e+07  1.00000000e+00  5.12191900e+06 
 4.73151259e+07  1.00000000e+00  5.12191900e+06 
 5.01187234e+07  1.00000000e+00  5.12191900e+06 
 5.30884444e+07  1.00000000e+00  5.12191900e+06 
 5.62341325e+07  1.00000000e+00  5.12191900e+06 
 5.95662144e+07  1.00000000e+00  5.12191900e+06 
 6.30957344e+07  1.00000000e+00  5.12191900e+06 
 6.68343918e+07  1.00000000e+00  5.12191900e+06 
 7.07945784e+07  1.00000000e+00  5.12191900e+06 
 7.49894209e+07  1.00000000e+00  5.12191900e+06 
 7.94328235e+07  1.00000000e+00  5.12191900e+06 
 8.41395142e+07  1.00000000e+00  5.12191900e+06 
 8.91250938e+07  1.00000000e+00  5.12191900e+06 
 9.44060876e+07  1.00000000e+00  5.12191900e+06 
 1.00000000e+08  1.00000000e+00  5.12191900e+06 
 1.05925373e+08  1.00000000e+00  5.12191900e+06 
 1.12201845e+08  1.00000000e+00  5.12191900e+06 
 1.18850223e+08  1.00000000e+00  5.12191900e+06 
 1.25892541e+08  1.00000000e+00  5.12191900e+06 
 1.33352143e+08  1.00000000e+00  5.12191900e+06 
 1.41253754e+08  1.00000000e+00  5.12191900e+06 
 1.49623566e+08  1.00000000e+00  5.12191900e+06 
 1.58489319e+08  1.00000000e+00  5.12191900e+06 
 1.67880402e+08  1.00000000e+00  5.12191900e+06 
 1.77827941e+08  1.00000000e+00  5.12191900e+06 
 1.88364909e+08  1.00000000e+00  5.12191900e+06 
 1.99526231e+08  1.00000000e+00  5.12191900e+06 
 2.11348904e+08  1.00000000e+00  5.12191900e+06 
 2.23872114e+08  1.00000000e+00  5.12191900e+06 
 2.37137371e+08  1.00000000e+00  5.12191900e+06 
 2.51188643e+08  1.00000000e+00  5.12191900e+06 
 2.66072506e+08  1.00000000e+00  5.12191900e+06 
 2.81838293e+08  1.00000000e+00  5.12191900e+06 
 2.98538262e+08  1.00000000e+00  5.12191900e+06 
 3.16227766e+08  1.00000000e+00  5.12191900e+06 
 3.34965439e+08  1.00000000e+00  5.12191900e+06 
 3.54813389e+08  1.00000000e+00  5.12191900e+06 
 3.75837404e+08  1.00000000e+00  5.12191900e+06 
 3.98107171e+08  1.00000000e+00  5.12191900e+06 
 4.21696503e+08  1.00000000e+00  5.12191900e+06 
 4.46683592e+08  1.00000000e+00  5.12191900e+06 
 4.73151259e+08  1.00000000e+00  5.12191900e+06 
 5.01187234e+08  1.00000000e+00  5.12191900e+06 
 5.30884444e+08  1.00000000e+00  5.12191900e+06 
 5.62341325e+08  1.00000000e+00  5.12191900e+06 
 5.95662144e+08  1.00000000e+00  5.12191900e+06 
 6.30957344e+08  1.00000000e+00  5.12191900e+06 
 6.68343918e+08  1.00000000e+00  5.12191900e+06 
 7.07945784e+08  1.00000000e+00  5.12191900e+06 
 7.49894209e+08  1.00000000e+00  5.12191900e+06 
 7.94328235e+08  1.00000000e+00  5.12191900e+06 
 8.41395142e+08  1.00000000e+00  5.12191900e+06 
 8.91250938e+08  1.00000000e+00  5.12191900e+06 
 9.44060876e+08  1.00000000e+00  5.12191900e+06 
 1.00000000e+09  1.00000000e+00  5.12191900e+06 
